      0.000000000000       256.000000000000       256.000000000000       256.000000000000       256.000000000000       256.000000000000        64.000000000000        64.000000000000        64.000000000000        64.000000000000        64.000000000000
      1.000046545948       269.468578348523       253.300873971591       232.078781551464       253.322118805079       227.619937309093        96.935407846215        72.904543445158        68.891611434367        62.796255468050        62.681891820459
      2.000007452833       264.901332912267       259.454751840694       231.749956591626       227.533977615558       199.250987762953       130.231942529021        89.901665776728        60.886119253087        67.759745742691        68.329519975374
      3.000047910446       254.621186144148       248.589583061582       257.641843940426       217.923781575486       167.094475313320       150.935105670768        93.855450114541        70.247613995032        81.619914341673        57.471045843025
      4.000028913846       262.728352715248       238.277373325035       248.659256085277       220.495347976698       162.799009282733       152.883977371763       101.836483992493        73.760231852473        71.881642201857        66.678325196423
      5.000009243923       260.844759776183       259.201131382672       232.731653054988       199.322086289215       160.378068907718       145.086825995007       122.041792523409        86.620421066250        61.100786477309        72.672474527248
      6.000016144859       263.118397323677       253.345647608799       235.807076184287       176.524646885301       171.857528127402       151.372240908900       104.421466917341       110.222793984059        61.966854220879        71.363347839356
      7.000059798351       257.900575277553       254.502379361563       214.118786176246       182.533078116683       187.559270384351       140.315080605250       117.778355277492        85.189002168077        85.129591052943        74.973881579842
      8.000103231059       268.915320834013       226.345165067741       232.150960309490       184.994051286093       166.284360138914       142.293975790448       118.215203110589        86.820651531239        93.972106253349        80.008205678124
      9.000040898607       251.994623573774       251.335286661133       224.560665626958       168.742809732227       176.919506844480       127.263098615171       123.565818910282       106.722612626748        86.606684883872        82.288892525354
     10.000039651419       259.530659630881       237.119470748657       208.485197204955       180.129057426501       175.698076012034       130.753813206297       119.726208225995       111.398487710163        88.285833443536        88.873196390981
     11.000042846979       262.397078951774       226.702056554274       201.507339815692       183.797754190545       175.295476686464       134.795606885121       116.987199905376       116.319151675961       103.780231948832        78.418103385962
     12.000064587488       255.340287383304       216.994597263350       210.320717784461       179.599574374657       174.853770563603       131.183014822362       132.307842451082       112.982201329004       106.868811199364        79.549182828813
     13.000015782044       234.957493097882       223.676638717633       215.413380384636       192.992239970654       152.554436062455       137.659348458266       131.829389381631       117.808361901881       111.670929215917        81.437782809045
     14.000031398417       230.989834349630       211.130517648144       206.984305899554       209.675394743681       155.324926561835       135.308727066427       136.685949447807       113.553627202807       104.934980341279        95.411736738837
     15.000018228210       229.070051418063       211.917029368405       194.191353812254       191.719155177143       183.080953940202       148.537068878028       107.323824718850       142.347862342132       102.443656689716        89.369043655207
     16.000005351366       228.899336019625       223.478221843937       186.755015721711       188.035241848790       171.588001528503       146.295076839429       136.879788172296       108.764599362510       109.225675758757       100.079042904441
     17.000015591902       219.108961453598       225.029676799949       196.713865213689       171.181104797204       179.501579277816       140.042258821636       140.220446505965        99.120578835590       120.425665150558       108.655863143995
     18.000015774887       218.507325682747       208.058394359990       204.783708763934       193.353950617570       160.148841403865       147.586086374828       128.679700562547       111.819551594759       124.080096701895       102.982343937864
     19.000035582860       217.584759059181       213.565071840818       181.391524207205       195.405027184827       176.977285362215       128.779256550859       136.194920092694       132.036606259800       104.051386257349       114.014163185052
     20.000054011921       211.849684082701       211.314819092345       191.711568218578       175.958853547918       183.683250669920       140.306659691654       133.585240140903       127.022216147494       112.167290859689       112.400417548796
     21.000020964087       206.247311545965       204.840511055904       204.962036192772       168.541751373194       186.105236016174       136.566889172107       132.204693373260       140.562294698228       110.746738954421       109.222537617975
     22.000013927278       214.065185112040       191.889645268581       205.897228056984       170.997759951663       171.558940348518       161.939588571610       135.160172608779       117.632551621355       126.571175087170       104.287753373300
     23.000066011979       210.100045131093       199.460783782602       189.123072492882       193.032431428736       158.145116399527       139.743127913118       151.446560735926       123.161652386299       136.928635308056        98.858574421760
     24.000032640766       200.026674468217       197.264244607258       204.858217218655       184.379002407667       158.923359405980       139.401348200987       144.028727682447       128.373044633711       122.061726963031       120.683654412047
     25.000021001526       211.623108232135       183.785447212130       206.231834435707       180.111922124743       163.348478064546       140.290347741713       132.847573418641       134.742685797718       122.476384860230       124.542218112438
     26.000043148308       202.669498467619       205.704352266998       198.274802581826       172.235271790174       154.536289889574       150.589356836846       125.644949042671       134.534765627204       141.979531594814       113.831181902275
     27.000126681153       210.230417490261       184.425890412624       201.290971912959       166.812569776166       182.863436024928       125.388727448342       147.307582735940       122.756468075158       139.368086174510       119.555849949111
     28.000021717447       214.614959919091       205.845622598534       158.572553351129       179.717339558993       169.264374975989       146.555303871519       147.729303410276       123.531149995175       126.972582559251       127.196809760044
     29.000067197480       215.678106146660       202.702017250753       156.031592573017       170.272743025369       161.468405336659       168.609370193972       146.433992494588       143.047924363835       119.864287578964       115.891561036184
     30.000019767174       202.347028304501       209.112615757013       168.959103426601       171.290237702468       152.785180925362       153.345439707586       168.769680786542       142.788856219408       118.656655088595       111.945202081924
     31.000014867315       196.088162511027       189.337579446392       189.042017022774       163.892165472094       158.421718962774       170.230752992818       144.827435403218       135.643088585274       125.744091975119       126.772987628509
     32.000019769154       201.315003658855       178.392508433118       182.550000416605       175.137787664358       149.940770683011       170.008894544464       148.084036670726       135.984712630590       131.813028118391       126.773257179881
     33.000058228750       196.716357370605       196.798519588804       176.431956621384       159.044393331160       152.111929780416       173.437061052549       142.144767956445       140.454057705071       135.466588240387       127.394368353180
     34.000087517923       185.027655985657       200.699821844152       165.804065744836       185.161692812333       150.599235635739       149.488131161089       148.745228389252       129.154098122734       137.763914966148       147.556155338059
     35.000035045327       183.845944790481       188.760376757851       171.355708432286       184.675281375226       168.175596822094       135.963203327109       153.975016745547       132.001236006562       133.396594562789       147.851041180055
     36.000065702521       175.835719778481       195.431146334009       196.745311450530       144.988154244329       169.249796607172       144.046322935926       154.501073210365       154.632620411679       123.892382821359       140.677472206150
     37.000026101217       192.100707211143       175.449169227557       196.832238020147       150.909092094464       156.466267070796       156.513569735916       151.146912004980       165.453305303472       127.994659629698       127.134079701826
     38.000017388854       182.799515031779       167.741187383642       193.195405759434       171.591222195203       154.762160450866       150.105184557252       151.259888211769       157.412164752925       138.818565961224       132.314705695903
     39.000024055259       177.571155144962       172.852424265584       186.829795561709       177.751253809595       157.699226874246       142.399549929291       144.060640590913       153.263816783766       151.532999742780       136.039137297154
     40.000023092572       183.956350234424       174.855739816311       169.258490759741       172.154451500795       150.855089301822       160.111721227188       152.276971795131       156.108041950497       140.811532682200       139.611610731890
     41.000014889825       182.630101002063       174.668580495779       154.734839503209       180.655095368243       155.058481476981       165.054157037518       149.005557349436       147.950721412353       154.681125609545       135.561340744874
     42.000015995889       185.653817451508       158.883841505659       166.119760014509       172.193434518278       175.494054279592       163.441609508741       133.770291429557       166.386364011773       139.765184704636       138.291642575747
     43.000017046408       167.878536157438       189.656466494452       148.938857734649       167.887292759028       161.495137134717       177.383286625942       141.422951079911       151.593296662615       152.609481423220       141.134693928028
     44.000067702725       168.458698302771       184.518442646087       151.175318288287       159.672057568132       153.463903174018       180.210269721935       151.315767056925       167.705160037482       149.603542926866       133.876840277497
     45.000044915958       185.629818806803       164.179516299952       154.411428909761       149.484483028743       168.877900512224       160.423865125422       165.544268790667       156.803254520032       143.750279204546       150.895184801849
     46.000003918970       200.179233793328       153.463789699587       137.515325334090       165.617799516455       175.168673661088       159.803282375206       148.694641376907       164.454121201943       146.129481391654       148.973651649742
     47.000023480276       189.100675560484       166.013048748487       132.538848086925       170.164614602641       172.134402928960       151.293078065852       160.263896169756       154.749574087742       149.573931447677       154.167930301478
     48.000040538555       191.850833688536       146.012293915585       156.120574155601       155.519403683945       169.028861752426       170.915592305166       157.345744081235       144.586936794226       155.912493855885       152.707265767395
     49.000006277707       182.136053906194       161.488704781279       150.221375075330       146.964350711279       168.725245754312       168.130679138340       176.048909614235       135.589836100999       170.355984609271       140.338860308761
     50.000023043245       179.096654637980       166.719886264645       151.002002990085       169.459094623193       142.606250808451       180.762008002924       150.745548563702       153.757001247776       155.648964382296       150.202588478948
     51.000049381680       173.415403027209       170.621259826888       155.760110468536       171.851230570482       142.675870861873       161.660318416354       173.726338758391       134.757876202097       157.792047378799       157.739544489369
     52.000031417765       169.976842833431       181.634198064465       149.450858223186       158.417497752061       153.183427224029       162.186797052601       158.899318851896       159.566246928317       142.227205279048       164.457607790967
     53.000014556193       183.733660265983       175.603243985018       157.175045772716       149.751113756833       148.374803708258       156.166900608204       174.172812599834       148.569190043403       152.210224592320       154.243004667431
     54.000036271451       191.105218595584       175.327731360066       146.294699506392       156.115007538866       149.044856037792       168.206592024477       154.400027489368       156.966888268439       146.676520181244       155.862458997773
     55.000026266314       183.128599753697       183.752395352453       148.285710697188       156.697214722157       155.949483156101       180.492688246826       141.388205872342       151.165153206805       158.451490358003       140.689058634428
     56.000039923660       189.986358433358       157.620662496113       157.632082299351       158.272494609789       170.362661592130       181.717077651722       141.673564277411       150.134377262652       148.768992175226       143.831729202249
     57.000041993168       174.105953603001       160.775330643119       180.035501096444       153.888299308908       164.456838880137       177.640691505804       146.717725581922       146.038964096580       143.793818574284       152.546876709801
     58.000021055598       181.710179488056       153.267886020994       176.653111765047       153.804603007172       168.606867786405       145.571494694257       165.875817552029       162.655495843674       155.637414996412       136.217128845955
     59.000055522078       157.050882886157       168.624496930665       167.982406769448       183.997187078076       158.261947499852       151.207854194445       151.202529962354       166.648575483047       148.167249912858       146.856869283099
     60.000030836824       167.876386401798       156.295443808720       174.475556656064       180.484401489656       148.392746332399       152.327964440809       153.184044655648       157.215612366177       149.310620595849       160.437223252881
     61.000040969152       169.519853680348       175.999294978663       151.259163723542       175.391952243349       145.876301988101       152.058021090929       164.304890272067       160.204196315372       144.181471741821       161.204853965809
     62.000032241144       174.111299305898       160.925578173245       164.146873920161       169.217019411411       133.406955209757       160.148345675961       182.516889220971       152.566226009384       155.151321015246       147.809492057967
     63.000025355535       156.412838356406       170.097123439328       170.808602940658       163.558720272853       151.200439146380       157.838672245989       172.557154048339       141.085655444325       154.953090655760       161.487703449963
     64.000026202069       180.362942028917       144.328144094265       161.668599451450       183.243690831355       156.734988163906       145.837282807183       164.778879386762       149.366282825480       167.044226069011       146.634964341670
     65.000040350031       180.753463321793       158.916155430715       162.517912150478       168.382659250368       165.550429231825       149.047222494170       143.360304979476       167.823251809096       159.360167284229       144.288434047851
     66.000043338707       173.448058062363       190.593932536875       149.224324444397       166.458928255455       156.334461175207       138.137510912897       149.907168474210       166.583936164191       165.485371859136       143.826308115268
     67.000036012058       185.039971523954       168.189690795779       168.483359558827       154.204494746004       162.662084515007       142.829225362862       143.215781152144       162.459100672652       155.148876185808       157.767415486963
     68.000031136351       197.477438430956       160.014217264097       165.148066552461       154.972309245497       152.378950785931       150.057450504933       131.428858646061       163.588637297244       159.708679586329       165.225391686490
     69.000047998908       181.926793481541       171.893451297798       166.215688433717       159.653270127127       147.219912151176       139.554388779488       149.929640145565       136.940466805138       175.095044538227       171.571344240224
     70.000050518486       167.277643699280       194.651077703893       149.764536405006       155.987804221991       164.762446458707       126.173058838634       153.227647565780       158.358894235051       154.498040540542       175.298850331118
     71.000042019628       169.304602357863       197.386426424326       152.998241844513       139.670857884168       138.768744680464       168.228532772718       144.262009608508       166.028108928510       155.115918450753       168.236557048176
     72.000019701064       177.938190296242       172.949474988697       163.002138009694       158.468147675620       128.560815556134       150.702984604817       156.938984224542       159.481006595049       165.217880642275       166.740377406931
     73.000016809959       176.648932928848       160.083609409112       172.275249205875       156.860033751685       139.402468064583       155.957786998339       140.150204052169       158.947269084205       162.228898084887       177.445548420297
     74.000047080817       165.114205373900       179.690609480397       169.863947792479       141.000481692977       162.571476720899       128.014721573813       152.801603382672       145.691339600606       164.884629073863       190.366985308392
     75.000030183269       170.004860954076       175.557325131292       160.284902259708       155.255339175492       151.663279835530       147.965790816832       139.476248326539       150.936965310710       160.649517688920       188.205770500901
     76.000038340796       181.026287496505       162.300989448155       145.126395766742       161.585245505051       170.297696848682       137.486581419736       148.356156889009       147.933438008352       183.070281184122       162.816927433644
     77.000046899674       180.972025345114       146.294946941033       169.155858487138       157.993346269773       144.693181527847       165.714636424415       145.023749644733       140.542271588586       181.010155869861       168.599827901499
     78.000018088527       168.447507790646       177.499972686599       150.308867919814       147.206435973479       162.157958451733       168.274551680823       127.865682965703       169.017211594556       161.960801437787       167.261009498861
     79.000038371076       154.023053236964       166.242848261163       169.363257723870       153.334063284435       162.640237935477       153.411926886035       150.109182390446       169.448191613617       157.305714140528       164.121524527464
     80.000043854075       162.526350621809       155.186597340673       156.447968153262       173.299887341153       148.574279584067       175.744369460174       157.017873634621       156.981129489140       161.665454470296       152.556089904804
